Coursework One Results by:
	tjh08	Thomas Hope

The prior probability of node 0
 0.159  0.295  0.205  0.341 


The conditional probability table P(2|0).
 0.571  0.231  0.000  0.000 
 0.286  0.231  0.000  0.000 
 0.143  0.000  0.000  0.000 
 0.000  0.308  0.222  0.000 
 0.000  0.154  0.778  0.000 
 0.000  0.077  0.000  0.333 
 0.000  0.000  0.000  0.333 
 0.000  0.000  0.000  0.333 


The joint probability table P(2&0).
 0.091  0.068  0.000  0.000 
 0.045  0.068  0.000  0.000 
 0.023  0.000  0.000  0.000 
 0.000  0.091  0.045  0.000 
 0.000  0.045  0.159  0.000 
 0.000  0.023  0.000  0.114 
 0.000  0.000  0.000  0.114 
 0.000  0.000  0.000  0.114 


The cpt P(2|0) from the jpt P(2&0).
 0.571  0.231  0.000  0.000 
 0.286  0.231  0.000  0.000 
 0.143  0.000  0.000  0.000 
 0.000  0.308  0.222  0.000 
 0.000  0.154  0.778  0.000 
 0.000  0.077  0.000  0.333 
 0.000  0.000  0.000  0.333 
 0.000  0.000  0.000  0.333 



The pdf from the query [4, 0, 0, 0, 5].
 0.982  0.018  0.000  0.000 

The pdf from the query [6, 5, 2, 5, 5].
 0.000  0.000  0.000  1.000 


END
